<?xml version="1.0" encoding="utf-8"?>
<propertyfile version="1.1" name="" comment="Written by ImFusionLib, 2022-11-09 11:26:57">
	<param name="workspaceVersion">20</param>
	<property name="Datasets">
		<property name="Data">
			<param name="topDown">1</param>
			<param name="name">US-Forearm-Sweep</param>
			<param name="blockId">1</param>
			<param name="original">1</param>
			<param name="uid">data0</param>
			<property name="MetaData">
				<param name="topDown">1</param>
			</property>
			<property name="MetaData">
				<param name="topDown">1</param>
			</property>
			<property name="Components">
				<property name="DisplayOptions2d">
					<param name="gamma">1</param>
					<param name="invert">0</param>
					<param name="useMask">1</param>
					<param name="windowingInitialized">0</param>
					<param name="wlInOriginalValues">1</param>
					<property name="TransferFunction">
						<param name="window">255</param>
						<param name="level">127.5</param>
						<param name="presetName"/>
						<param name="textureSize">256</param>
						<param name="mode">0</param>
					</property>
				</property>
				<property name="DisplayOptions3d">
					<param name="alpha">1</param>
					<param name="invert">0</param>
					<param name="useMask">1</param>
					<param name="wlInOriginalValues">1</param>
					<property name="TransferFunction">
						<param name="window">255</param>
						<param name="level">127.5</param>
						<param name="presetName"/>
						<param name="textureSize">256</param>
						<param name="mode">0</param>
						<property name="Tissues">
							<property name="Tissue">
								<property name="KeyPoint">
									<param name="position">0.2</param>
									<param name="color">0.1 0.05 0 0.35 </param>
								</property>
								<property name="KeyPoint">
									<param name="position">0.6</param>
									<param name="color">1 1 1 0.5 </param>
								</property>
								<property name="KeyPoint">
									<param name="position">0.65</param>
									<param name="color">1 0.8 0.5 0.8 </param>
								</property>
								<property name="KeyPoint">
									<param name="position">1</param>
									<param name="color">1 0.9 0.7 0.8 </param>
								</property>
							</property>
						</property>
					</property>
				</property>
			</property>
		</property>
	</property>
	<property name="Interface">
		<param name="outputUids">"data0" </param>
		<param name="inputUids"/>
	</property>
	<property name="Algorithms">
		<property name="ImFusionFile">
			<param name="location">US-Forearm-Sweep-h264.imf</param>
			<param name="compressionMode">0</param>
			<param name="passes">1</param>
			<param name="dx">3</param>
			<param name="dy">3</param>
			<param name="ignoredDataComponentIds"/>
			<param name="blockId">-1</param>
			<param name="execute">1</param>
			<param name="inputUids"/>
			<param name="outputUids">"data0" </param>
		</property>
		<property name="Change Selection">
			<param name="first">0</param>
			<param name="last">656</param>
			<param name="skip">0</param>
			<param name="focus">303</param>
			<param name="execute">1</param>
			<param name="inputUids">"data0" </param>
			<param name="outputUids"/>
		</property>
		<property name="Sweep Compounding">
			<param name="backgroundIntensity">0</param>
			<param name="boundingBox">2</param>
			<param name="individualCompoundings">0</param>
			<param name="inputUids">"data0" </param>
			<param name="outputUids"/>
		</property>
	</property>
	<property name="Display">
		<param name="layoutMode">0</param>
		<param name="focusedView">0</param>
		<param name="viewOrder">0 1 2 3 4 </param>
		<property name="Views">
			<property name="0">
				<param name="isVisible">1</param>
				<param name="interpolation">1</param>
				<param name="flip">1</param>
				<param name="blendingMode">1</param>
				<param name="zoom">1.43332941456034</param>
				<param name="showZoom">1</param>
				<param name="showIn3D">1</param>
				<param name="viewMatrix">1 0 0 0 0 1 0 0 0 0 1 0 0 0 0 1 </param>
				<param name="sliceMatrix">1 0 0 0 0 1 0 0 0 0 1 0 0 0 0 1 </param>
				<param name="showOrientationMarkers">0</param>
				<param name="displayOptionsSource">1</param>
				<param name="sliceThickness">0</param>
			</property>
			<property name="1">
				<param name="isVisible">1</param>
				<param name="interpolation">1</param>
				<param name="flip">1</param>
				<param name="blendingMode">1</param>
				<param name="zoom">1</param>
				<param name="showZoom">1</param>
				<param name="showIn3D">1</param>
				<param name="viewMatrix">0.227601664250391 -0.846626193210757 0.481062872817196 -788.048108493147 -0.183315687467779 0.447942108932406 0.875067560135382 -731.343474503413 -0.956343508250277 -0.287353199734258 -0.0532474933408903 -371.872636586167 0 0 0 1 </param>
				<param name="sliceMatrix">0.227601664250391 -0.846626193210757 0.481062872817196 -788.048108493147 -0.183315687467779 0.447942108932406 0.875067560135382 -731.343474503413 -0.956343508250277 -0.287353199734258 -0.0532474933408903 -371.872636586167 0 0 0 1 </param>
				<param name="showOrientationMarkers">0</param>
				<param name="displayOptionsSource">1</param>
				<param name="sliceThickness">0</param>
			</property>
			<property name="2">
				<param name="isVisible">1</param>
				<param name="interpolation">1</param>
				<param name="flip">1</param>
				<param name="blendingMode">1</param>
				<param name="zoom">1</param>
				<param name="showZoom">1</param>
				<param name="showIn3D">1</param>
				<param name="viewMatrix">0.481062872817196 -0.84662619321076 -0.227601664250391 -788.048108493146 0.875067560135383 0.447942108932406 0.183315687467779 -731.343474503413 -0.0532474933408908 -0.287353199734259 0.956343508250279 -371.872636586168 0 0 0 1 </param>
				<param name="sliceMatrix">0.481062872817196 -0.84662619321076 -0.227601664250391 -788.048108493146 0.875067560135383 0.447942108932406 0.183315687467779 -731.343474503413 -0.0532474933408908 -0.287353199734259 0.956343508250279 -371.872636586168 0 0 0 1 </param>
				<param name="showOrientationMarkers">0</param>
				<param name="displayOptionsSource">1</param>
				<param name="sliceThickness">0</param>
			</property>
			<property name="3">
				<param name="isVisible">1</param>
				<param name="interpolation">1</param>
				<param name="flip">1</param>
				<param name="blendingMode">1</param>
				<param name="zoom">1</param>
				<param name="showZoom">1</param>
				<param name="showIn3D">1</param>
				<param name="viewMatrix">0.227601664250392 -0.481062872817196 -0.846626193210757 -788.048108493146 -0.183315687467779 -0.875067560135383 0.447942108932405 -731.343474503413 -0.956343508250278 0.0532474933408906 -0.287353199734258 -371.872636586168 0 0 0 1 </param>
				<param name="sliceMatrix">0.227601664250392 -0.481062872817196 -0.846626193210757 -788.048108493146 -0.183315687467779 -0.875067560135383 0.447942108932405 -731.343474503413 -0.956343508250278 0.0532474933408906 -0.287353199734258 -371.872636586168 0 0 0 1 </param>
				<param name="showOrientationMarkers">0</param>
				<param name="displayOptionsSource">1</param>
				<param name="sliceThickness">0</param>
			</property>
			<property name="4">
				<param name="isVisible">1</param>
				<param name="volumeRendererName">General Purpose Volume Renderer</param>
				<param name="sceneCenter">-787.056033242862 -730.190629423452 -375.234772863545 </param>
				<param name="displayOptionsSource">1</param>
				<param name="ssaoMode">0</param>
				<property name="Camera">
					<param name="poseMatrix">1 -0 -0 787.056033242862 -0 0 1 375.234772863545 -0 -1 0 -1036.70713322522 0 0 -0 1 </param>
					<param name="mode">0</param>
					<param name="principalPoint">0.5 0.5 </param>
					<param name="focalLength">1.37373870972731 1.37373870972731 </param>
					<param name="frustumHeight">100</param>
				</property>
				<property name="VolumeRenderer">
					<param name="mode">4</param>
					<param name="showDeformations">0</param>
					<param name="ambientAttenuationDistance">0</param>
				</property>
			</property>
		</property>
		<property name="VisibleData">
			<property name="0">
				<param name="visible">"data0" </param>
			</property>
			<property name="1">
				<param name="visible">"data0" </param>
			</property>
			<property name="2">
				<param name="visible">"data0" </param>
			</property>
			<property name="3">
				<param name="visible">"data0" </param>
			</property>
			<property name="4">
				<param name="visible">"data0" </param>
			</property>
		</property>
	</property>
</propertyfile>
